16
AY429653.1 0.0000000 0.0000010 0.0079398 0.0056638 0.0068068 0.0404379 0.0403881 0.0509328 0.0536329 0.0452643 0.1129415 0.1187730 0.1341235 0.1306467 0.1208360 0.1080984 
AY429652.1 0.0000010 0.0000000 0.0090358 0.0067680 0.0079079 0.0414155 0.0413649 0.0521400 0.0545628 0.0462256 0.1149328 0.1194748 0.1341235 0.1325458 0.1241935 0.1088407 
AY424651.1 0.0079398 0.0090358 0.0000000 0.0107652 0.0090890 0.0414798 0.0458849 0.0502505 0.0520093 0.0458849 0.1206312 0.1187504 0.1397018 0.1158237 0.1165885 0.1043460 
AY424649.1 0.0056638 0.0067680 0.0107652 0.0000000 0.0082732 0.0406461 0.0468126 0.0466129 0.0494209 0.0433094 0.1206168 0.1188428 0.1339002 0.1158100 0.1165747 0.1044180 
AY424650.1 0.0068068 0.0079079 0.0090890 0.0082732 0.0000000 0.0423265 0.0485000 0.0465605 0.0502773 0.0441621 0.1206829 0.1147907 0.1359614 0.1158730 0.1166381 0.1043638 
AY424663.1 0.0404379 0.0414155 0.0414798 0.0406461 0.0423265 0.0000000 0.0156513 0.0220310 0.0308363 0.0215580 0.1241384 0.1194912 0.1339783 0.1174638 0.1181198 0.1083701 
AY424658.1 0.0403881 0.0413649 0.0458849 0.0468126 0.0485000 0.0156513 0.0000000 0.0279605 0.0385654 0.0291928 0.1262419 0.1205435 0.1337220 0.1214450 0.1231393 0.1094381 
KY608941.1 0.0509328 0.0521400 0.0502505 0.0466129 0.0465605 0.0220310 0.0279605 0.0000000 0.0209365 0.0068921 0.1364018 0.1265055 0.1339641 0.1310889 0.1335031 0.1145897 
AY424657.1 0.0536329 0.0545628 0.0520093 0.0494209 0.0502773 0.0308363 0.0385654 0.0209365 0.0000000 0.0157020 0.1329895 0.1315805 0.1518753 0.1233498 0.1279357 0.1191891 
AY424655.1 0.0452643 0.0462256 0.0458849 0.0433094 0.0441621 0.0215580 0.0291928 0.0068921 0.0157020 0.0000000 0.1271957 0.1197477 0.1410256 0.1185897 0.1221843 0.1074683 
AB292070.1 0.1129415 0.1149328 0.1206312 0.1206168 0.1206829 0.1241384 0.1262419 0.1364018 0.1329895 0.1271957 0.0000000 0.1528009 0.1646354 0.0327705 0.0327208 0.1398218 
AB491590.1 0.1187730 0.1194748 0.1187504 0.1188428 0.1147907 0.1194912 0.1205435 0.1265055 0.1315805 0.1197477 0.1528009 0.0000000 0.1707628 0.1558452 0.1541922 0.0526716 
EU371738.1 0.1341235 0.1341235 0.1397018 0.1339002 0.1359614 0.1339783 0.1337220 0.1339641 0.1518753 0.1410256 0.1646354 0.1707628 0.0000000 0.1590338 0.1621568 0.1665802 
AM748311.1 0.1306467 0.1325458 0.1158237 0.1158100 0.1158730 0.1174638 0.1214450 0.1310889 0.1233498 0.1185897 0.0327705 0.1558452 0.1590338 0.0000000 0.0157856 0.1388226 
AY424666.1 0.1208360 0.1241935 0.1165885 0.1165747 0.1166381 0.1181198 0.1231393 0.1335031 0.1279357 0.1221843 0.0327208 0.1541922 0.1621568 0.0157856 0.0000000 0.1374116 
AB539128.1 0.1080984 0.1088407 0.1043460 0.1044180 0.1043638 0.1083701 0.1094381 0.1145897 0.1191891 0.1074683 0.1398218 0.0526716 0.1665802 0.1388226 0.1374116 0.0000000 
